Memory Usage [KB]
2415528.1961168903
